2
﻿http://vi.wikipedia.org/wiki/100003_1983_rn3
1
10
3
100003
2
11
14
3
1983
2
12
15
3
rn3
2
13
16
8
là
7
17
27
37
320
47
57
67
7
một
6
18
28
38
48
58
68
7
tiểu
6
19
29
39
49
59
69
7
hành
6
110
210
310
410
510
610
7
tinh
6
111
211
311
411
511
611
7
vành
6
112
212
312
412
512
612
7
đai
6
113
213
313
413
513
613
6
chính.
5
114
214
414
514
614
6
nó
5
115
215
415
515
615
7
được
6
116
216
325
416
516
616
7
phát
6
117
217
326
417
517
617
7
hiện
6
118
218
327
418
518
618
6
bởi
5
119
219
419
519
619
3
henri
2
120
420
3
debehogne
2
121
421
11
ở
10
122
128
223
228
422
428
523
528
623
628
6
đài
5
123
224
423
524
624
6
thiên
5
124
225
424
525
625
6
văn
5
125
226
425
526
626
3
la
2
126
426
3
silla
2
127
427
3
chile
2
129
429
8
ngày
7
130
233
322
328
430
533
633
2
1
1
131
7
tháng
6
132
235
330
432
535
635
2
9,
1
133
2
1983.
1
134
2
http://vi.wikipedia.org/wiki/100020_1990_qh4
1
20
3
100020
2
21
24
3
1990
2
22
25
3
qh4
2
23
26
4
henry
3
220
520
620
4
e.
3
221
521
621
4
holt
3
222
522
622
4
palomar
3
227
527
627
4
quận
3
229
529
629
4
san
3
230
530
630
4
diego,
3
231
531
631
4
california,
3
232
532
632
2
23
1
234
4
8,
3
236
536
636
2
1990.
1
237
2
http://vi.wikipedia.org/wiki/10003_1971_ud1
1
30
3
10003
2
31
34
3
1971
2
32
35
3
ud1
2
33
36
2
chính
1
314
2
với
1
315
2
chu
1
316
2
kỳ
1
317
2
quỹ
1
318
2
đạo
1
319
2
1202.1233104
1
321
2
3.29
1
323
2
năm.nó
1
324
2
16
1
329
2
10,
1
331
2
1971.
1
332
2
http://vi.wikipedia.org/wiki/100031_1991_fm2
1
40
3
100031
2
41
44
7
1991
6
42
45
52
55
62
65
3
fm2
2
43
46
2
20
1
431
2
3,
1
433
4
1991.
3
434
537
637
2
http://vi.wikipedia.org/wiki/100035_1991_po8
1
50
3
100035
2
51
54
3
po8
2
53
56
2
5
1
534
2
http://vi.wikipedia.org/wiki/100036_1991_pm14
1
60
3
100036
2
61
64
3
pm14
2
63
66
2
6
1
634
